MA041:

380414
384933
387857
380194
378422
18335
387943
387374
384549
380455
381381
387252
387596
380493
382553
387501
386396
385226
370536
386697
378830
386178
386099
375675
384748
375859
380255
387941
378530
339588
359513
347860
379450
386313
387275
384366
387193
387488
197245
387600
380601
380767
375923
374515
386442
387601
347570
387602





H3010:

375008
386291
370056
375875
377838
380047
386642
387897
387805
340956
340558
387610
387514
321249
370852
378952
380464
387444
362677
380798
387838
387706
380788
387592
387621
387096
386678
383550
338565
386587
384542
382005
332047
384289
347687
386942
387272
387568
387671
387048
347238
384844
387219
380523
383800
375367
387810
378449
355728
340556
379846
383094
380451
378928
387521
339497
333471
387918
386995
381969
372843
384277
387580
367447
387903
387639
370404
383721
338791
387729
387641
381066
380758
380477
380216
380454
387721
3979666
333772
376956
379672
369350
387270
387207
369563
387382
345549
387694
387653
387652
387342
357249
340990
386019
347250
387286
384418
387348
384569
387807
368164
386955
340974
347498
386502
380419
376355
387111
387533
380777
382033
338729
369368
376149
347973
387664
380776
381068
374383

